1 0.571875 0.125926 0.014583 0.074074
1 0.768229 0.347222 0.021875 0.053704
1 0.831771 0.489815 0.034375 0.064815
1 0.455208 0.695370 0.029167 0.068519
1 0.561979 0.839815 0.021875 0.057407
1 0.933333 0.846296 0.041667 0.055556
1 0.975521 0.644444 0.042708 0.074074
1 0.419792 0.791667 0.022917 0.068519
1 0.153125 0.353704 0.031250 0.066667
1 0.248438 0.703704 0.036458 0.070370
1 0.185938 0.828704 0.042708 0.053704
1 0.137500 0.287963 0.035417 0.064815
1 0.300000 0.413889 0.031250 0.072222
1 0.273438 0.412963 0.026042 0.077778
1 0.057813 0.367593 0.042708 0.064815
1 0.036979 0.407407 0.046875 0.062963
1 0.021875 0.435185 0.043750 0.062963
1 0.385417 0.967593 0.035417 0.042593
1 0.354687 0.975926 0.032292 0.048148
