2 0.247396 0.854630 0.048958 0.101852
1 0.106250 0.924074 0.029167 0.111111
1 0.128646 0.890741 0.042708 0.088889
1 0.091667 0.887963 0.029167 0.150000
1 0.219792 0.709259 0.020833 0.092593
1 0.231250 0.639815 0.020833 0.079630
1 0.259896 0.644444 0.009375 0.066667
2 0.261979 0.749074 0.032292 0.057407
2 0.269792 0.720370 0.022917 0.059259
2 0.285938 0.694444 0.034375 0.059259
1 0.312500 0.646296 0.014583 0.074074
1 0.297917 0.630556 0.016667 0.079630
1 0.298958 0.630556 0.016667 0.079630
1 0.311979 0.647222 0.013542 0.075926
1 0.320312 0.619444 0.021875 0.105556
1 0.246354 0.573148 0.019792 0.075926
1 0.366667 0.587963 0.018750 0.105556
10 0.359375 0.697222 0.039583 0.150000
10 0.406771 0.565741 0.038542 0.083333
10 0.432812 0.514815 0.053125 0.085185
1 0.540625 0.402778 0.012500 0.079630
1 0.296354 0.543519 0.015625 0.087037
1 0.269271 0.539815 0.017708 0.094444
1 0.249479 0.566667 0.023958 0.070370
1 0.425521 0.430556 0.013542 0.087037
1 0.438021 0.419444 0.013542 0.083333
1 0.471354 0.466667 0.013542 0.088889
1 0.467708 0.450000 0.010417 0.081481
1 0.476042 0.402778 0.016667 0.068519
1 0.489063 0.392593 0.013542 0.074074
1 0.531250 0.359259 0.016667 0.070370
2 0.556250 0.342593 0.006250 0.037037
2 0.555729 0.335185 0.011458 0.059259
2 0.550521 0.338889 0.007292 0.040741
2 0.556250 0.335185 0.012500 0.059259
1 0.514062 0.316667 0.013542 0.062963
1 0.497917 0.306481 0.010417 0.075926
1 0.438542 0.258333 0.010417 0.046296
1 0.466667 0.250926 0.010417 0.038889
1 0.529687 0.262963 0.007292 0.055556
1 0.488542 0.264815 0.008333 0.051852
1 0.515104 0.262963 0.007292 0.048148
2 0.484896 0.245370 0.007292 0.027778
1 0.494271 0.248148 0.007292 0.033333
1 0.483333 0.220370 0.006250 0.037037
1 0.477604 0.214815 0.007292 0.040741
1 0.506771 0.256481 0.005208 0.027778
2 0.506250 0.235185 0.004167 0.018519
2 0.517188 0.250000 0.009375 0.044444
1 0.510417 0.245370 0.006250 0.046296
3 0.513021 0.260185 0.013542 0.027778
3 0.555729 0.353704 0.019792 0.048148
2 0.560417 0.185185 0.008333 0.033333
10 0.560417 0.193519 0.006250 0.020370
1 0.590104 0.146296 0.005208 0.025926
1 0.584896 0.146296 0.005208 0.025926
2 0.572917 0.144444 0.004167 0.014815
2 0.572396 0.141667 0.005208 0.020370
10 0.571875 0.147222 0.004167 0.012963
1 0.528646 0.196296 0.005208 0.033333
1 0.526563 0.193519 0.005208 0.027778
1 0.521354 0.186111 0.005208 0.020370
2 0.514062 0.173148 0.007292 0.024074
1 0.531771 0.182407 0.005208 0.031481
1 0.525000 0.180556 0.006250 0.031481
2 0.502604 0.225000 0.007292 0.031481
10 0.500521 0.233333 0.007292 0.025926
1 0.491667 0.229630 0.006250 0.022222
1 0.495312 0.215741 0.007292 0.038889
2 0.776042 0.944444 0.064583 0.111111
2 0.618750 0.940741 0.054167 0.118519
8 0.620833 0.886111 0.077083 0.227778
2 0.261458 0.724074 0.014583 0.037037
10 0.510938 0.208333 0.007292 0.024074
10 0.515104 0.201852 0.009375 0.018519
1 0.488542 0.142593 0.004167 0.018519
2 0.489063 0.168519 0.005208 0.018519
1 0.556771 0.132407 0.005208 0.024074
1 0.542188 0.163889 0.009375 0.024074
1 0.531250 0.160185 0.004167 0.020370
1 0.530729 0.156481 0.003125 0.024074
1 0.528125 0.147222 0.004167 0.020370
1 0.533854 0.143519 0.003125 0.016667
1 0.530729 0.146296 0.005208 0.018519
1 0.566146 0.128704 0.003125 0.012963
7 0.567708 0.138889 0.008333 0.014815
1 0.504167 0.122222 0.002083 0.018519
1 0.507812 0.123148 0.003125 0.012963
2 0.498958 0.131481 0.002083 0.011111
1 0.494792 0.130556 0.004167 0.016667
1 0.496354 0.127778 0.003125 0.022222
2 0.519271 0.129630 0.003125 0.011111
