1 0.225000 0.675926 0.033333 0.103704
1 0.352083 0.604630 0.022917 0.101852
1 0.407813 0.578704 0.023958 0.109259
1 0.553646 0.609259 0.023958 0.092593
1 0.729167 0.810185 0.022917 0.094444
1 0.819792 0.838889 0.035417 0.107407
1 0.102604 0.431481 0.028125 0.085185
1 0.118750 0.433333 0.035417 0.085185
1 0.113021 0.402778 0.021875 0.057407
1 0.144792 0.341667 0.022917 0.075926
1 0.136458 0.336111 0.016667 0.075926
1 0.106771 0.124074 0.017708 0.055556
1 0.183854 0.128704 0.019792 0.053704
1 0.277604 0.187963 0.015625 0.061111
1 0.202604 0.098148 0.015625 0.055556
1 0.226042 0.051852 0.010417 0.040741
1 0.161458 0.064815 0.010417 0.044444
1 0.113542 0.036111 0.010417 0.046296
1 0.327083 0.318519 0.018750 0.070370
1 0.316667 0.462963 0.018750 0.085185
1 0.282813 0.476852 0.017708 0.079630
1 0.376042 0.430556 0.016667 0.072222
1 0.473958 0.503704 0.022917 0.088889
1 0.535937 0.441667 0.017708 0.083333
1 0.638542 0.329630 0.014583 0.081481
1 0.590625 0.246296 0.010417 0.062963
1 0.581250 0.263889 0.010417 0.064815
1 0.567708 0.273148 0.016667 0.068519
1 0.461458 0.357407 0.014583 0.070370
1 0.483333 0.337963 0.010417 0.072222
1 0.511458 0.210185 0.016667 0.061111
1 0.523958 0.143519 0.010417 0.061111
1 0.585417 0.102778 0.010417 0.050000
1 0.593229 0.115741 0.007292 0.027778
1 0.406250 0.278704 0.014583 0.068519
3 0.398958 0.128704 0.025000 0.035185
7 0.391667 0.133333 0.027083 0.040741
1 0.290104 0.108333 0.011458 0.050000
1 0.296354 0.118519 0.009375 0.033333
1 0.657813 0.494444 0.021875 0.081481
1 0.672917 0.482407 0.018750 0.083333
1 0.691146 0.415741 0.026042 0.072222
1 0.714583 0.459259 0.033333 0.074074
1 0.776042 0.398148 0.022917 0.077778
1 0.803125 0.429630 0.022917 0.081481
1 0.821354 0.412037 0.026042 0.072222
1 0.891667 0.414815 0.029167 0.081481
1 0.979688 0.513889 0.036458 0.090741
1 0.665104 0.311111 0.013542 0.077778
1 0.751563 0.098148 0.011458 0.051852
1 0.722917 0.082407 0.010417 0.042593
1 0.477604 0.020370 0.011458 0.040741
1 0.714063 0.032407 0.011458 0.042593
1 0.721354 0.031481 0.009375 0.040741
1 0.413542 0.075926 0.008333 0.048148
1 0.338542 0.093519 0.012500 0.053704
1 0.114583 0.174074 0.012500 0.055556
1 0.122396 0.170370 0.017708 0.055556
1 0.688021 0.170370 0.009375 0.055556
1 0.694792 0.162037 0.010417 0.057407
