1 0.380208 0.921296 0.106250 0.150000
1 0.196354 0.906481 0.090625 0.187037
1 0.543229 0.950926 0.103125 0.094444
1 0.268229 0.712963 0.084375 0.188889
1 0.431250 0.713889 0.079167 0.168519
1 0.567187 0.761111 0.076042 0.174074
1 0.334375 0.563889 0.062500 0.150000
1 0.464583 0.590741 0.064583 0.159259
1 0.585417 0.621296 0.070833 0.150000
1 0.485938 0.497222 0.063542 0.131481
1 0.591146 0.506481 0.055208 0.142593
1 0.373958 0.462037 0.058333 0.127778
1 0.410938 0.380556 0.051042 0.124074
1 0.507292 0.402778 0.043750 0.116667
1 0.594792 0.406481 0.052083 0.116667
1 0.518229 0.336111 0.044792 0.127778
1 0.431771 0.320370 0.040625 0.111111
1 0.604167 0.333333 0.052083 0.100000
1 0.534896 0.284259 0.036458 0.101852
1 0.444792 0.271296 0.037500 0.101852
1 0.605208 0.280556 0.039583 0.098148
1 0.461979 0.227778 0.034375 0.092593
1 0.315104 0.316667 0.046875 0.118519
1 0.093229 0.148148 0.026042 0.077778
1 0.159896 0.068519 0.017708 0.062963
1 0.129167 0.074074 0.014583 0.062963
1 0.118229 0.064815 0.015625 0.059259
1 0.111979 0.037037 0.011458 0.044444
1 0.543750 0.244444 0.031250 0.085185
1 0.608333 0.232407 0.033333 0.075926
1 0.551042 0.208333 0.033333 0.087037
1 0.473438 0.201852 0.030208 0.088889
1 0.607292 0.202778 0.031250 0.072222
1 0.614583 0.171296 0.027083 0.064815
1 0.557813 0.169444 0.028125 0.061111
1 0.482292 0.175000 0.025000 0.079630
1 0.491667 0.150000 0.027083 0.081481
1 0.504687 0.126852 0.021875 0.072222
1 0.561458 0.141667 0.027083 0.057407
1 0.565104 0.124074 0.023958 0.062963
1 0.621875 0.150000 0.014583 0.055556
1 0.580729 0.094444 0.021875 0.066667
1 0.515104 0.108333 0.021875 0.068519
1 0.527083 0.087963 0.020833 0.064815
1 0.616146 0.126852 0.028125 0.053704
1 0.620833 0.105556 0.022917 0.055556
1 0.624479 0.084259 0.021875 0.053704
1 0.600521 0.069444 0.019792 0.068519
1 0.553646 0.065741 0.023958 0.064815
1 0.774479 0.091667 0.023958 0.075926
1 0.974479 0.048148 0.021875 0.077778
